   562,     0, 184,   562,4.496,174.220,184
   562,   114,-22,   448,8.000,-35.340,-22
   562,   203,-16,   359,8.000,-27.590,-16
   562,   201, 12,   361,8.000,0.620, 12
   562,   202, 11,   360,8.000,-0.310, 11
   562,   209,  9,   353,8.000,-2.170,  9
   562,   218,  8,   344,8.000,-2.790,  8
   562,   224,  9,   338,8.000,-1.860,  9
   562,   229,  9,   333,8.000,-1.550,  9
   562,   236,  9,   326,8.000,-2.170,  9
   562,   243,  9,   319,8.000,-2.170,  9
   562,   250,  8,   312,8.000,-2.170,  8
   562,   256,  9,   306,8.000,-1.860,  9
   562,   262,  9,   300,8.000,-1.860,  9
   562,   270,  8,   292,8.000,-2.480,  8
   562,   276,  9,   286,8.000,-1.860,  9
   562,   282,  8,   280,8.000,-1.860,  8
   562,   288,  8,   274,8.000,-1.860,  8
   562,   294,  8,   268,8.000,-1.860,  8
   562,   299,  9,   263,8.000,-1.550,  9
   562,   306,  8,   256,8.000,-2.170,  8
   562,   312,  8,   250,8.000,-1.860,  8
   562,   318,  8,   244,8.000,-1.860,  8
   562,   323,  8,   239,8.000,-1.550,  8
   562,   328,  8,   234,8.000,-1.550,  8
   562,   333,  8,   229,8.000,-1.550,  8
   562,   339,  8,   223,8.000,-1.860,  8
   562,   345,  8,   217,8.000,-1.860,  8
   562,   350,  8,   212,8.000,-1.550,  8
   562,   356,  8,   206,8.000,-1.860,  8
   562,   362,  8,   200,8.000,-1.860,  8
   562,   368,  8,   194,8.000,-1.860,  8
   562,   372,  8,   190,8.000,-1.240,  8
   562,   378,  7,   184,8.000,-1.860,  7
   562,   382,  8,   180,8.000,-1.240,  8
   562,   388,  7,   174,8.000,-1.860,  7
   562,   394,  7,   168,8.000,-1.860,  7
   562,   396,  9,   166,8.000,-0.620,  9
   562,   401,  8,   161,8.000,-1.550,  8
   562,   407,  7,   155,8.000,-1.860,  7
   562,   413,  7,   149,8.000,-1.860,  7
   562,   418,  7,   144,8.000,-1.550,  7
   562,   418,  9,   144,8.000,0.000,  9
   562,   420,  8,   142,8.000,-0.620,  8
   562,   427,  7,   135,8.000,-2.170,  7
   562,   431,  8,   131,8.000,-1.240,  8
   562,   436,  7,   126,8.000,-1.550,  7
   562,   442,  7,   120,8.000,-1.860,  7
   562,   444,  8,   118,8.000,-0.620,  8
   562,   449,  7,   113,8.000,-1.550,  7
   562,   454,  7,   108,8.000,-1.550,  7
   562,   459,  7,   103,8.000,-1.550,  7
   562,   464,  7,    98,8.000,-1.550,  7
   562,   466,  8,    96,8.000,-0.620,  8
   562,   468,  8,    94,8.000,-0.620,  8
   562,   472,  7,    90,8.000,-1.240,  7
   562,   476,  7,    86,8.000,-1.240,  7
   562,   482,  6,    80,8.000,-1.860,  6
   562,   484,  8,    78,8.000,-0.620,  8
   562,   490,  6,    72,8.000,-1.860,  6
   562,   492,  8,    70,8.000,-0.620,  8
   562,   498,  6,    64,8.000,-1.860,  6
   562,   501,  7,    61,8.000,-0.930,  7
   562,   507,  6,    55,8.000,-1.860,  6
   562,   510,  7,    52,8.000,-0.930,  7
   562,   514,  7,    48,8.000,-1.240,  7
   562,   514,  8,    48,8.000,0.000,  8
   562,   515,  8,    47,8.000,-0.310,  8
   562,   517,  7,    45,8.000,-0.620,  7
   562,   523,  6,    39,8.000,-1.860,  6
   562,   524,  8,    38,8.000,-0.310,  8
   562,   530,  6,    32,8.000,-1.860,  6
   562,   533,  7,    29,8.000,-0.930,  7
   562,   538,  6,    24,8.000,-1.550,  6
   562,   539,  7,    23,8.000,-0.310,  7
   562,   540,  7,    22,8.000,-0.310,  7
   562,   544,  6,    18,8.000,-1.240,  6
   562,   547,  7,    15,8.000,-0.930,  7
   562,   549,  7,    13,8.000,-0.620,  7
   562,   555,  6,     7,8.000,-1.860,  6
   562,   558,  7,     4,8.000,-0.930,  7
   562,   562,  6,     0,8.000,-1.240,  6
   562,   562,  8,     0,8.000,0.000,  8
   562,   562,  8,     0,8.000,0.000,  8
   562,   563,  7,    -1,7.992,-0.310,  7
   562,   565,  7,    -3,7.968,-0.620,  7
   562,   570,  6,    -8,7.904,-1.550,  6
   562,   572,  7,   -10,7.824,-0.620,  7
   562,   577,  6,   -15,7.704,-1.550,  6
   562,   579,  6,   -17,7.568,-0.620,  6
   562,   582,  6,   -20,7.408,-0.930,  6
   562,   586,  5,   -24,7.216,-1.240,  5
   562,   586,  6,   -24,7.024,0.000,  6
   562,   586,  6,   -24,6.832,0.000,  6
   562,   586,  6,   -24,6.640,0.000,  6
   562,   586,  6,   -24,6.448,0.000,  6
   562,   586,  6,   -24,6.256,0.000,  6
   562,   586,  5,   -24,6.064,0.000,  5
   562,   586,  5,   -24,5.872,0.000,  5
   562,   586,  5,   -24,5.680,0.000,  5
   562,   586,  5,   -24,5.488,0.000,  5
   562,   586,  5,   -24,5.296,0.000,  5
   562,   586,  4,   -24,5.104,0.000,  4
   562,   586,  4,   -24,4.912,0.000,  4
   562,   586,  4,   -24,4.720,0.000,  4
   562,   586,  4,   -24,4.528,0.000,  4
   562,   586,  4,   -24,4.336,0.000,  4
   562,   586,  3,   -24,4.144,0.000,  3
   562,   586,  3,   -24,3.952,0.000,  3
   562,   586,  3,   -24,3.760,0.000,  3
   562,   586,  3,   -24,3.568,0.000,  3
   562,   586,  3,   -24,3.376,0.000,  3
   562,   586,  2,   -24,3.184,0.000,  2
   562,   586,  2,   -24,2.992,0.000,  2
   562,   586,  2,   -24,2.800,0.000,  2
   562,   586,  2,   -24,2.608,0.000,  2
   562,   586,  2,   -24,2.416,0.000,  2
   562,   586,  1,   -24,2.224,0.000,  1
   562,   586,  1,   -24,2.032,0.000,  1
   562,   586,  1,   -24,1.840,0.000,  1
   562,   586,  1,   -24,1.648,0.000,  1
   562,   586,  1,   -24,1.456,0.000,  1
   562,   586,  1,   -24,1.264,0.000,  1
   562,   586,  0,   -24,1.072,0.000,  0
   562,   585,  0,   -23,0.888,0.310,  0
   562,   585,  0,   -23,0.704,0.000,  0
   562,   585,  0,   -23,0.520,0.000,  0
   562,   585,  0,   -23,0.336,0.000,  0
   562,   585,  0,   -23,0.152,0.000,  0
   562,   585,  0,   -23,-0.032,0.000,  0
   562,   585,  0,   -23,-0.216,0.000,  0
   562,   585,  0,   -23,-0.400,0.000,  0
   562,   585,  0,   -23,-0.584,0.000,  0
   562,   585,  0,   -23,-0.768,0.000,  0
   562,   585, -1,   -23,-0.952,0.000, -1
   562,   585, -1,   -23,-1.136,0.000, -1
   562,   585, -1,   -23,-1.320,0.000, -1
   562,   585, -1,   -23,-1.504,0.000, -1
   562,   585, -1,   -23,-1.688,0.000, -1
   562,   585, -2,   -23,-1.872,0.000, -2
   562,   584, -1,   -22,-2.048,0.310, -1
   562,   584, -2,   -22,-2.224,0.000, -2
   562,   584, -2,   -22,-2.400,0.000, -2
   562,   584, -2,   -22,-2.576,0.000, -2
   562,   584, -2,   -22,-2.752,0.000, -2
   562,   584, -3,   -22,-2.928,0.000, -3
   562,   584, -3,   -22,-3.104,0.000, -3
   562,   584, -3,   -22,-3.280,0.000, -3
   562,   584, -3,   -22,-3.456,0.000, -3
   562,   584, -3,   -22,-3.632,0.000, -3
   562,   584, -4,   -22,-3.808,0.000, -4
   562,   584, -4,   -22,-3.984,0.000, -4
   562,   584, -4,   -22,-4.160,0.000, -4
   562,   584, -4,   -22,-4.336,0.000, -4
   562,   584, -4,   -22,-4.512,0.000, -4
   562,   584, -4,   -22,-4.688,0.000, -4
   562,   584, -5,   -22,-4.864,0.000, -5
   562,   583, -4,   -21,-5.032,0.310, -4
   562,   583, -5,   -21,-5.200,0.000, -5
   562,   583, -5,   -21,-5.368,0.000, -5
   562,   583, -5,   -21,-5.536,0.000, -5
   562,   583, -5,   -21,-5.704,0.000, -5
   562,   583, -6,   -21,-5.872,0.000, -6
   562,   583, -6,   -21,-6.040,0.000, -6
   562,   583, -6,   -21,-6.208,0.000, -6
   562,   583, -6,   -21,-6.376,0.000, -6
   562,   583, -6,   -21,-6.544,0.000, -6
   562,   583, -6,   -21,-6.712,0.000, -6
   562,   583, -7,   -21,-6.880,0.000, -7
   562,   583, -7,   -21,-7.048,0.000, -7
   562,   583, -7,   -21,-7.216,0.000, -7
   562,   583, -7,   -21,-7.384,0.000, -7
   562,   583, -7,   -21,-7.552,0.000, -7
   562,   583, -7,   -21,-7.720,0.000, -7
   562,   583, -8,   -21,-7.888,0.000, -8
   562,   583, -8,   -21,-8.000,0.000, -8
   562,   582, -7,   -20,-8.000,0.310, -7
   562,   581, -7,   -19,-8.000,0.310, -7
   562,   581, -8,   -19,-8.000,0.000, -8
   562,   577, -6,   -15,-8.000,1.240, -6
   562,   574, -7,   -12,-8.000,0.930, -7
   562,   574, -8,   -12,-8.000,0.000, -8
   562,   574, -8,   -12,-8.000,0.000, -8
   562,   574, -8,   -12,-8.000,0.000, -8
   562,   574, -8,   -12,-8.000,0.000, -8
   562,   574, -8,   -12,-8.000,0.000, -8
   562,   574, -8,   -12,-8.000,0.000, -8
   562,   574, -8,   -12,-8.000,0.000, -8
   562,   574, -8,   -12,-8.000,0.000, -8
   562,   574, -8,   -12,-8.000,0.000, -8
   562,   574, -8,   -12,-8.000,0.000, -8
   562,   574, -8,   -12,-8.000,0.000, -8
   562,   574, -8,   -12,-8.000,0.000, -8
   562,   574, -8,   -12,-8.000,0.000, -8
   562,   574, -8,   -12,-8.000,0.000, -8
   562,   574, -8,   -12,-8.000,0.000, -8
   562,   574, -8,   -12,-8.000,0.000, -8
   562,   574, -8,   -12,-8.000,0.000, -8
   562,   574, -8,   -12,-8.000,0.000, -8
   562,   574, -8,   -12,-8.000,0.000, -8
   562,   574, -8,   -12,-8.000,0.000, -8
   562,   574, -8,   -12,-8.000,0.000, -8
   562,   574, -8,   -12,-8.000,0.000, -8
   562,   574, -8,   -12,-8.000,0.000, -8
   562,   574, -8,   -12,-8.000,0.000, -8
   562,   574, -8,   -12,-8.000,0.000, -8
   562,   574, -8,   -12,-8.000,0.000, -8
   562,   574, -8,   -12,-8.000,0.000, -8
   562,   574, -8,   -12,-8.000,0.000, -8
   562,   574, -8,   -12,-8.000,0.000, -8
   562,   574, -8,   -12,-8.000,0.000, -8
   562,   574, -8,   -12,-8.000,0.000, -8
   562,   574, -8,   -12,-8.000,0.000, -8
   562,   574, -8,   -12,-8.000,0.000, -8
   562,   574, -8,   -12,-8.000,0.000, -8
   562,   574, -8,   -12,-8.000,0.000, -8
   562,   574, -8,   -12,-8.000,0.000, -8
   562,   574, -8,   -12,-8.000,0.000, -8
   562,   574, -8,   -12,-8.000,0.000, -8
   562,   574, -8,   -12,-8.000,0.000, -8
   562,   574, -8,   -12,-8.000,0.000, -8
   562,   574, -8,   -12,-8.000,0.000, -8
   562,   574, -8,   -12,-8.000,0.000, -8
   562,   574, -8,   -12,-8.000,0.000, -8
   562,   574, -8,   -12,-8.000,0.000, -8
   562,   574, -8,   -12,-8.000,0.000, -8
   562,   574, -8,   -12,-8.000,0.000, -8
   562,   574, -8,   -12,-8.000,0.000, -8
   562,   574, -8,   -12,-8.000,0.000, -8
   562,   574, -8,   -12,-8.000,0.000, -8
   562,   574, -8,   -12,-8.000,0.000, -8
   562,   574, -8,   -12,-8.000,0.000, -8
   562,   574, -8,   -12,-8.000,0.000, -8
   562,   574, -8,   -12,-8.000,0.000, -8
   562,   574, -8,   -12,-8.000,0.000, -8
   562,   574, -8,   -12,-8.000,0.000, -8
   562,   574, -8,   -12,-8.000,0.000, -8
   562,   574, -8,   -12,-8.000,0.000, -8
   562,   574, -8,   -12,-8.000,0.000, -8
   562,   574, -8,   -12,-8.000,0.000, -8
   562,   574, -8,   -12,-8.000,0.000, -8
   562,   574, -8,   -12,-8.000,0.000, -8
   562,   574, -8,   -12,-8.000,0.000, -8
   562,   574, -8,   -12,-8.000,0.000, -8
   562,   574, -8,   -12,-8.000,0.000, -8
   562,   574, -8,   -12,-8.000,0.000, -8
   562,   574, -8,   -12,-8.000,0.000, -8
   562,   574, -8,   -12,-8.000,0.000, -8
   562,   574, -8,   -12,-8.000,0.000, -8
   562,   574, -8,   -12,-8.000,0.000, -8
   562,   574, -8,   -12,-8.000,0.000, -8
   562,   574, -8,   -12,-8.000,0.000, -8
   562,   574, -8,   -12,-8.000,0.000, -8
   562,   574, -8,   -12,-8.000,0.000, -8
   562,   574, -8,   -12,-8.000,0.000, -8
   562,   574, -8,   -12,-8.000,0.000, -8
   562,   574, -8,   -12,-8.000,0.000, -8
   562,   574, -8,   -12,-8.000,0.000, -8
   562,   574, -8,   -12,-8.000,0.000, -8
   562,   574, -8,   -12,-8.000,0.000, -8
   562,   574, -8,   -12,-8.000,0.000, -8
   562,   574, -8,   -12,-8.000,0.000, -8
   562,   574, -8,   -12,-8.000,0.000, -8
   562,   574, -8,   -12,-8.000,0.000, -8
   562,   574, -8,   -12,-8.000,0.000, -8
   562,   574, -8,   -12,-8.000,0.000, -8
   562,   574, -8,   -12,-8.000,0.000, -8
   562,   574, -8,   -12,-8.000,0.000, -8
   562,   574, -8,   -12,-8.000,0.000, -8
   562,   574, -8,   -12,-8.000,0.000, -8
   562,   574, -8,   -12,-8.000,0.000, -8
   562,   574, -8,   -12,-8.000,0.000, -8
   562,   574, -8,   -12,-8.000,0.000, -8
   562,   574, -8,   -12,-8.000,0.000, -8
   562,   574, -8,   -12,-8.000,0.000, -8
   562,   574, -8,   -12,-8.000,0.000, -8
   562,   574, -8,   -12,-8.000,0.000, -8
   562,   574, -8,   -12,-8.000,0.000, -8
   562,   574, -8,   -12,-8.000,0.000, -8
   562,   574, -8,   -12,-8.000,0.000, -8
   562,   574, -8,   -12,-8.000,0.000, -8
   562,   574, -8,   -12,-8.000,0.000, -8
   562,   574, -8,   -12,-8.000,0.000, -8
   562,   574, -8,   -12,-8.000,0.000, -8
   562,   574, -8,   -12,-8.000,0.000, -8
   562,   574, -8,   -12,-8.000,0.000, -8
   562,   574, -8,   -12,-8.000,0.000, -8
   562,   574, -8,   -12,-8.000,0.000, -8
   562,   574, -8,   -12,-8.000,0.000, -8
   562,   574, -8,   -12,-8.000,0.000, -8
   562,   574, -8,   -12,-8.000,0.000, -8
   562,   574, -8,   -12,-8.000,0.000, -8
   562,   574, -8,   -12,-8.000,0.000, -8
   562,   574, -8,   -12,-8.000,0.000, -8
   562,   574, -8,   -12,-8.000,0.000, -8
   562,   574, -8,   -12,-8.000,0.000, -8
   562,   574, -8,   -12,-8.000,0.000, -8
   562,   574, -8,   -12,-8.000,0.000, -8
   562,   574, -8,   -12,-8.000,0.000, -8
   562,   574, -8,   -12,-8.000,0.000, -8
   562,   574, -8,   -12,-8.000,0.000, -8
   562,   574, -8,   -12,-8.000,0.000, -8
   562,   574, -8,   -12,-8.000,0.000, -8
   562,   574, -8,   -12,-8.000,0.000, -8
   562,   574, -8,   -12,-8.000,0.000, -8
   562,   574, -8,   -12,-8.000,0.000, -8
   562,   574, -8,   -12,-8.000,0.000, -8
   562,   574, -8,   -12,-8.000,0.000, -8
   562,   574, -8,   -12,-8.000,0.000, -8
   562,   574, -8,   -12,-8.000,0.000, -8
   562,   574, -8,   -12,-8.000,0.000, -8
   562,   574, -8,   -12,-8.000,0.000, -8
   562,   574, -8,   -12,-8.000,0.000, -8
   562,   574, -8,   -12,-8.000,0.000, -8
   562,   574, -8,   -12,-8.000,0.000, -8
   562,   574, -8,   -12,-8.000,0.000, -8
   562,   574, -8,   -12,-8.000,0.000, -8
   562,   574, -8,   -12,-8.000,0.000, -8
   562,   574, -8,   -12,-8.000,0.000, -8
   562,   574, -8,   -12,-8.000,0.000, -8
   562,   574, -8,   -12,-8.000,0.000, -8
   562,   574, -8,   -12,-8.000,0.000, -8
   562,   574, -8,   -12,-8.000,0.000, -8
   562,   574, -8,   -12,-8.000,0.000, -8
   562,   574, -8,   -12,-8.000,0.000, -8
   562,   574, -8,   -12,-8.000,0.000, -8
   562,   574, -8,   -12,-8.000,0.000, -8
   562,   574, -8,   -12,-8.000,0.000, -8
   562,   574, -8,   -12,-8.000,0.000, -8
   562,   574, -8,   -12,-8.000,0.000, -8
   562,   574, -8,   -12,-8.000,0.000, -8
   562,   574, -8,   -12,-8.000,0.000, -8
   562,   574, -8,   -12,-8.000,0.000, -8
   562,   574, -8,   -12,-8.000,0.000, -8
   562,   574, -8,   -12,-8.000,0.000, -8
   562,   574, -8,   -12,-8.000,0.000, -8
   562,   574, -8,   -12,-8.000,0.000, -8
   562,   574, -8,   -12,-8.000,0.000, -8
   562,   574, -8,   -12,-8.000,0.000, -8
   562,   574, -8,   -12,-8.000,0.000, -8
   562,   574, -8,   -12,-8.000,0.000, -8
   562,   574, -8,   -12,-8.000,0.000, -8
   562,   574, -8,   -12,-8.000,0.000, -8
   562,   574, -8,   -12,-8.000,0.000, -8
   562,   574, -8,   -12,-8.000,0.000, -8
   562,   574, -8,   -12,-8.000,0.000, -8
   562,   574, -8,   -12,-8.000,0.000, -8
   562,   574, -8,   -12,-8.000,0.000, -8
   562,   574, -8,   -12,-8.000,0.000, -8
   562,   574, -8,   -12,-8.000,0.000, -8
   562,   574, -8,   -12,-8.000,0.000, -8
   562,   574, -8,   -12,-8.000,0.000, -8
   562,   574, -8,   -12,-8.000,0.000, -8
   562,   574, -8,   -12,-8.000,0.000, -8
   562,   574, -8,   -12,-8.000,0.000, -8
   562,   574, -8,   -12,-8.000,0.000, -8
   562,   574, -8,   -12,-8.000,0.000, -8
   562,   574, -8,   -12,-8.000,0.000, -8
   562,   574, -8,   -12,-8.000,0.000, -8
   562,   574, -8,   -12,-8.000,0.000, -8
   562,   574, -8,   -12,-8.000,0.000, -8
   562,   574, -8,   -12,-8.000,0.000, -8
   562,   574, -8,   -12,-8.000,0.000, -8
   562,   574, -8,   -12,-8.000,0.000, -8
   562,   574, -8,   -12,-8.000,0.000, -8
   562,   574, -8,   -12,-8.000,0.000, -8
   562,   574, -8,   -12,-8.000,0.000, -8
   562,   574, -8,   -12,-8.000,0.000, -8
   562,   574, -8,   -12,-8.000,0.000, -8
   562,   574, -8,   -12,-8.000,0.000, -8
   562,   574, -8,   -12,-8.000,0.000, -8
   562,   574, -8,   -12,-8.000,0.000, -8
   562,   574, -8,   -12,-8.000,0.000, -8
   562,   574, -8,   -12,-8.000,0.000, -8
   562,   574, -8,   -12,-8.000,0.000, -8
   562,   574, -8,   -12,-8.000,0.000, -8
   562,   574, -8,   -12,-8.000,0.000, -8
   562,   574, -8,   -12,-8.000,0.000, -8
   562,   574, -8,   -12,-8.000,0.000, -8
   562,   574, -8,   -12,-8.000,0.000, -8
   562,   574, -8,   -12,-8.000,0.000, -8
   562,   574, -8,   -12,-8.000,0.000, -8
   562,   574, -8,   -12,-8.000,0.000, -8
   562,   574, -8,   -12,-8.000,0.000, -8
   562,   574, -8,   -12,-8.000,0.000, -8
   562,   574, -8,   -12,-8.000,0.000, -8
   562,   574, -8,   -12,-8.000,0.000, -8
   562,   574, -8,   -12,-8.000,0.000, -8
   562,   574, -8,   -12,-8.000,0.000, -8
   562,   574, -8,   -12,-8.000,0.000, -8
   562,   574, -8,   -12,-8.000,0.000, -8
   562,   574, -8,   -12,-8.000,0.000, -8
   562,   574, -8,   -12,-8.000,0.000, -8
   562,   574, -8,   -12,-8.000,0.000, -8
   562,   574, -8,   -12,-8.000,0.000, -8
   562,   574, -8,   -12,-8.000,0.000, -8
   562,   574, -8,   -12,-8.000,0.000, -8
   562,   574, -8,   -12,-8.000,0.000, -8
   562,   574, -8,   -12,-8.000,0.000, -8
   562,   574, -8,   -12,-8.000,0.000, -8
   562,   574, -8,   -12,-8.000,0.000, -8
   562,   574, -8,   -12,-8.000,0.000, -8
   562,   574, -8,   -12,-8.000,0.000, -8
   562,   574, -8,   -12,-8.000,0.000, -8
   562,   574, -8,   -12,-8.000,0.000, -8
   562,   574, -8,   -12,-8.000,0.000, -8
   562,   574, -8,   -12,-8.000,0.000, -8
   562,   574, -8,   -12,-8.000,0.000, -8
   562,   574, -8,   -12,-8.000,0.000, -8
   562,   574, -8,   -12,-8.000,0.000, -8
   562,   574, -8,   -12,-8.000,0.000, -8
   562,   574, -8,   -12,-8.000,0.000, -8
   562,   574, -8,   -12,-8.000,0.000, -8
   562,   574, -8,   -12,-8.000,0.000, -8
   562,   574, -8,   -12,-8.000,0.000, -8
   562,   574, -8,   -12,-8.000,0.000, -8
   562,   574, -8,   -12,-8.000,0.000, -8
   562,   574, -8,   -12,-8.000,0.000, -8
   562,   574, -8,   -12,-8.000,0.000, -8
   562,   574, -8,   -12,-8.000,0.000, -8
   562,   574, -8,   -12,-8.000,0.000, -8
   562,   574, -8,   -12,-8.000,0.000, -8
   562,   574, -8,   -12,-8.000,0.000, -8
   562,   574, -8,   -12,-8.000,0.000, -8
   562,   574, -8,   -12,-8.000,0.000, -8
   562,   574, -8,   -12,-8.000,0.000, -8
   562,   574, -8,   -12,-8.000,0.000, -8
   562,   574, -8,   -12,-8.000,0.000, -8
   562,   574, -8,   -12,-8.000,0.000, -8
   562,   574, -8,   -12,-8.000,0.000, -8
   562,   574, -8,   -12,-8.000,0.000, -8
   562,   574, -8,   -12,-8.000,0.000, -8
   562,   574, -8,   -12,-8.000,0.000, -8
   562,   574, -8,   -12,-8.000,0.000, -8
   562,   574, -8,   -12,-8.000,0.000, -8
   562,   574, -8,   -12,-8.000,0.000, -8
   562,   574, -8,   -12,-8.000,0.000, -8
   562,   574, -8,   -12,-8.000,0.000, -8
   562,   574, -8,   -12,-8.000,0.000, -8
   562,   574, -8,   -12,-8.000,0.000, -8
   562,   574, -8,   -12,-8.000,0.000, -8
   562,   574, -8,   -12,-8.000,0.000, -8
   562,   574, -8,   -12,-8.000,0.000, -8
   562,   574, -8,   -12,-8.000,0.000, -8
   562,   574, -8,   -12,-8.000,0.000, -8
   562,   574, -8,   -12,-8.000,0.000, -8
   562,   574, -8,   -12,-8.000,0.000, -8
   562,   574, -8,   -12,-8.000,0.000, -8
   562,   574, -8,   -12,-8.000,0.000, -8
   562,   574, -8,   -12,-8.000,0.000, -8
   562,   574, -8,   -12,-8.000,0.000, -8
   562,   574, -8,   -12,-8.000,0.000, -8
   562,   574, -8,   -12,-8.000,0.000, -8
   562,   574, -8,   -12,-8.000,0.000, -8
   562,   574, -8,   -12,-8.000,0.000, -8
   562,   574, -8,   -12,-8.000,0.000, -8
   562,   574, -8,   -12,-8.000,0.000, -8
   562,   574, -8,   -12,-8.000,0.000, -8
   562,   574, -8,   -12,-8.000,0.000, -8
   562,   574, -8,   -12,-8.000,0.000, -8
   562,   574, -8,   -12,-8.000,0.000, -8
   562,   574, -8,   -12,-8.000,0.000, -8
   562,   574, -8,   -12,-8.000,0.000, -8
   562,   574, -8,   -12,-8.000,0.000, -8
   562,   574, -8,   -12,-8.000,0.000, -8
   562,   574, -8,   -12,-8.000,0.000, -8
   562,   574, -8,   -12,-8.000,0.000, -8
   562,   574, -8,   -12,-8.000,0.000, -8
   562,   574, -8,   -12,-8.000,0.000, -8
   562,   574, -8,   -12,-8.000,0.000, -8
   562,   574, -8,   -12,-8.000,0.000, -8
   562,   574, -8,   -12,-8.000,0.000, -8
   562,   574, -8,   -12,-8.000,0.000, -8
   562,   574, -8,   -12,-8.000,0.000, -8
   562,   574, -8,   -12,-8.000,0.000, -8
   562,   574, -8,   -12,-8.000,0.000, -8
   562,   574, -8,   -12,-8.000,0.000, -8
   562,   574, -8,   -12,-8.000,0.000, -8
   562,   574, -8,   -12,-8.000,0.000, -8
   562,   574, -8,   -12,-8.000,0.000, -8
   562,   574, -8,   -12,-8.000,0.000, -8
   562,   574, -8,   -12,-8.000,0.000, -8
   562,   574, -8,   -12,-8.000,0.000, -8
   562,   574, -8,   -12,-8.000,0.000, -8
   562,   574, -8,   -12,-8.000,0.000, -8
   562,   574, -8,   -12,-8.000,0.000, -8
   562,   574, -8,   -12,-8.000,0.000, -8
   562,   574, -8,   -12,-8.000,0.000, -8
   562,   574, -8,   -12,-8.000,0.000, -8
   562,   574, -8,   -12,-8.000,0.000, -8
   562,   574, -8,   -12,-8.000,0.000, -8
   562,   574, -8,   -12,-8.000,0.000, -8
   562,   574, -8,   -12,-8.000,0.000, -8
   562,   574, -8,   -12,-8.000,0.000, -8
   562,   574, -8,   -12,-8.000,0.000, -8
   562,   574, -8,   -12,-8.000,0.000, -8
   562,   574, -8,   -12,-8.000,0.000, -8
   562,   574, -8,   -12,-8.000,0.000, -8
   562,   574, -8,   -12,-8.000,0.000, -8
   562,   574, -8,   -12,-8.000,0.000, -8