Kp:0.250000,Ki:0.007700,Kd:3.100000
   562,     0, 255,   562,4.327,1742.200,1887
   562,     8, 121,   554,7.700,-24.800,121
   562,    27, 82,   535,7.700,-58.900, 82
   562,    48, 71,   514,7.700,-65.100, 71
   562,    69, 65,   493,7.700,-65.100, 65
   562,    89, 63,   473,7.700,-62.000, 63
   562,   109, 58,   453,7.700,-62.000, 58
   562,   127, 60,   435,7.700,-55.800, 60
   562,   145, 56,   417,7.700,-55.800, 56
   562,   162, 55,   400,7.700,-52.700, 55
   562,   178, 54,   384,7.700,-49.600, 54
   562,   194, 50,   368,7.700,-49.600, 50
   562,   210, 46,   352,7.700,-49.600, 46
   562,   226, 42,   336,7.700,-49.600, 42
   562,   240, 44,   322,7.700,-43.400, 44
   562,   253, 44,   309,7.700,-40.300, 44
   562,   266, 41,   296,7.700,-40.300, 41
   562,   279, 38,   283,7.700,-40.300, 38
   562,   291, 38,   271,7.700,-37.200, 38
   562,   302, 38,   260,7.700,-34.100, 38
   562,   313, 35,   249,7.700,-34.100, 35
   562,   324, 33,   238,7.700,-34.100, 33
   562,   334, 33,   228,7.700,-31.000, 33
   562,   344, 31,   218,7.700,-31.000, 31
   562,   353, 32,   209,7.700,-27.900, 32
   562,   362, 29,   200,7.700,-27.900, 29
   562,   370, 30,   192,7.700,-24.800, 30
   562,   379, 25,   183,7.700,-27.900, 25
   562,   386, 30,   176,7.700,-21.700, 30
   562,   394, 24,   168,7.700,-24.800, 24
   562,   401, 26,   161,7.700,-21.700, 26
   562,   408, 24,   154,7.700,-21.700, 24
   562,   415, 22,   147,7.700,-21.700, 22
   562,   421, 24,   141,7.700,-18.600, 24
   562,   427, 22,   135,7.700,-18.600, 22
   562,   433, 21,   129,7.700,-18.600, 21
   562,   439, 19,   123,7.700,-18.600, 19
   562,   444, 21,   118,7.700,-15.500, 21
   562,   449, 20,   113,7.700,-15.500, 20
   562,   454, 19,   108,7.700,-15.500, 19
   562,   459, 17,   103,7.700,-15.500, 17
   562,   463, 20,    99,7.700,-12.400, 20
   562,   468, 15,    94,7.700,-15.500, 15
   562,   472, 17,    90,7.700,-12.400, 17
   562,   476, 16,    86,7.700,-12.400, 16
   562,   480, 15,    82,7.700,-12.400, 15
   562,   484, 14,    78,7.700,-12.400, 14
   562,   487, 17,    75,7.700,-9.300, 17
   562,   491, 13,    71,7.700,-12.400, 13
   562,   494, 15,    68,7.700,-9.300, 15
   562,   497, 14,    65,7.700,-9.300, 14
   562,   500, 13,    62,7.700,-9.300, 13
   562,   503, 13,    59,7.700,-9.300, 13
   562,   506, 12,    56,7.700,-9.300, 12
   562,   508, 15,    54,7.700,-6.200, 15
   562,   511, 11,    51,7.700,-9.300, 11
   562,   514, 10,    48,7.700,-9.300, 10
   562,   516, 13,    46,7.700,-6.200, 13
   562,   519,  9,    43,7.700,-9.300,  9
   562,   521, 11,    41,7.700,-6.200, 11
   562,   523, 11,    39,7.700,-6.200, 11
   562,   525, 10,    37,7.700,-6.200, 10
   562,   527, 10,    35,7.700,-6.200, 10
   562,   528, 13,    34,7.700,-3.100, 13
   562,   530,  9,    32,7.700,-6.200,  9
   562,   532,  9,    30,7.700,-6.200,  9
   562,   533, 11,    29,7.700,-3.100, 11
   562,   535,  8,    27,7.700,-6.200,  8
   562,   537,  7,    25,7.700,-6.200,  7
   562,   538, 10,    24,7.700,-3.100, 10
   562,   539, 10,    23,7.700,-3.100, 10
   562,   541,  6,    21,7.700,-6.200,  6
   562,   542,  9,    20,7.700,-3.100,  9
   562,   544,  6,    18,7.700,-6.200,  6
   562,   545,  8,    17,7.700,-3.100,  8
   562,   546,  8,    16,7.700,-3.100,  8
   562,   546, 11,    16,7.700,0.000, 11
   562,   547,  8,    15,7.700,-3.100,  8
   562,   547, 11,    15,7.700,0.000, 11
   562,   548,  8,    14,7.700,-3.100,  8
   562,   550,  4,    12,7.700,-6.200,  4
   562,   551,  7,    11,7.700,-3.100,  7
   562,   552,  7,    10,7.700,-3.100,  7
   562,   553,  6,     9,7.700,-3.100,  6
   562,   553,  9,     9,7.700,0.000,  9
   562,   553,  9,     9,7.700,0.000,  9
   562,   553,  9,     9,7.700,0.000,  9
   562,   554,  6,     8,7.700,-3.100,  6
   562,   554,  9,     8,7.700,0.000,  9
   562,   554,  9,     8,7.700,0.000,  9
   562,   555,  6,     7,7.700,-3.100,  6
   562,   555,  9,     7,7.700,0.000,  9
   562,   556,  6,     6,7.700,-3.100,  6
   562,   558,  2,     4,7.700,-6.200,  2
   562,   559,  5,     3,7.700,-3.100,  5
   562,   560,  5,     2,7.700,-3.100,  5
   562,   560,  8,     2,7.700,0.000,  8
   562,   561,  4,     1,7.700,-3.100,  4
   562,   561,  7,     1,7.700,0.000,  7
   562,   561,  7,     1,7.700,0.000,  7
   562,   561,  7,     1,7.700,0.000,  7
   562,   561,  7,     1,7.700,0.000,  7
   562,   561,  7,     1,7.700,0.000,  7
   562,   561,  7,     1,7.700,0.000,  7
   562,   561,  7,     1,7.700,0.000,  7
   562,   561,  7,     1,7.700,0.000,  7
   562,   561,  7,     1,7.700,0.000,  7
   562,   561,  7,     1,7.700,0.000,  7
   562,   561,  7,     1,7.700,0.000,  7
   562,   561,  7,     1,7.700,0.000,  7
   562,   561,  7,     1,7.700,0.000,  7
   562,   561,  7,     1,7.700,0.000,  7
   562,   561,  7,     1,7.700,0.000,  7
   562,   561,  7,     1,7.700,0.000,  7
   562,   561,  7,     1,7.700,0.000,  7
   562,   561,  7,     1,7.700,0.000,  7
   562,   561,  7,     1,7.700,0.000,  7
   562,   561,  7,     1,7.700,0.000,  7
   562,   561,  7,     1,7.700,0.000,  7
   562,   561,  7,     1,7.700,0.000,  7
   562,   561,  7,     1,7.700,0.000,  7
   562,   561,  7,     1,7.700,0.000,  7
   562,   561,  7,     1,7.700,0.000,  7
   562,   561,  7,     1,7.700,0.000,  7
   562,   561,  7,     1,7.700,0.000,  7
   562,   561,  7,     1,7.700,0.000,  7
   562,   561,  7,     1,7.700,0.000,  7
   562,   561,  7,     1,7.700,0.000,  7
   562,   561,  7,     1,7.700,0.000,  7
   562,   561,  7,     1,7.700,0.000,  7
   562,   561,  7,     1,7.700,0.000,  7
   562,   561,  7,     1,7.700,0.000,  7
   562,   561,  7,     1,7.700,0.000,  7
   562,   561,  7,     1,7.700,0.000,  7
   562,   561,  7,     1,7.700,0.000,  7
   562,   561,  7,     1,7.700,0.000,  7
   562,   561,  7,     1,7.700,0.000,  7
   562,   561,  7,     1,7.700,0.000,  7
   562,   561,  7,     1,7.700,0.000,  7
   562,   561,  7,     1,7.700,0.000,  7
   562,   561,  7,     1,7.700,0.000,  7
   562,   561,  7,     1,7.700,0.000,  7
   562,   561,  7,     1,7.700,0.000,  7
   562,   561,  7,     1,7.700,0.000,  7
 -1688,   561,-255, -2249,-7.700,-6975.000,-7544
 -1688,   554,-255, -2242,-7.700,21.700,-546
 -1688,   534,-255, -2222,-7.700,62.000,-501
 -1688,   502,-255, -2190,-7.700,99.200,-456
 -1688,   462,-255, -2150,-7.700,124.000,-421
 -1688,   416,-255, -2104,-7.700,142.600,-391
 -1688,   365,-255, -2053,-7.700,158.100,-362
 -1688,   310,-255, -1998,-7.700,170.500,-336
 -1688,   253,-255, -1941,-7.700,176.700,-316
 -1688,   193,-255, -1881,-7.700,186.000,-291
 -1688,   131,-255, -1819,-7.700,192.200,-270
 -1688,    68,-251, -1756,-7.700,195.300,-251
 -1688,     4,-232, -1692,-7.700,198.400,-232
 -1688,   -60,-216, -1628,-7.700,198.400,-216
 -1688,  -123,-203, -1565,-7.700,195.300,-203
 -1688,  -186,-187, -1502,-7.700,195.300,-187
 -1688,  -246,-182, -1442,-7.700,186.000,-182
 -1688,  -305,-170, -1383,-7.700,182.900,-170
 -1688,  -362,-162, -1326,-7.700,176.700,-162
 -1688,  -417,-154, -1271,-7.700,170.500,-154
 -1688,  -470,-147, -1218,-7.700,164.300,-147
 -1688,  -521,-141, -1167,-7.700,158.100,-141
 -1688,  -569,-138, -1119,-7.700,148.800,-138
 -1688,  -616,-130, -1072,-7.700,145.700,-130
 -1688,  -661,-124, -1027,-7.700,139.500,-124
 -1688,  -704,-120,  -984,-7.700,133.300,-120
 -1688,  -745,-116,  -943,-7.700,127.100,-116
 -1688,  -784,-112,  -904,-7.700,120.900,-112
 -1688,  -822,-106,  -866,-7.700,117.800,-106
 -1688,  -858,-103,  -830,-7.700,111.600,-103
 -1688,  -892,-101,  -796,-7.700,105.400,-101
 -1688,  -925,-96,  -763,-7.700,102.300,-96
 -1688,  -957,-91,  -731,-7.700,99.200,-91
 -1688,  -987,-89,  -701,-7.700,93.000,-89
 -1688, -1016,-85,  -672,-7.700,89.900,-85
 -1688, -1044,-81,  -644,-7.700,86.800,-81
 -1688, -1071,-78,  -617,-7.700,83.700,-78
 -1688, -1096,-78,  -592,-7.700,77.500,-78
 -1688, -1121,-71,  -567,-7.700,77.500,-71
 -1688, -1144,-72,  -544,-7.700,71.300,-72
 -1688, -1167,-66,  -521,-7.700,71.300,-66
 -1688, -1188,-67,  -500,-7.700,65.100,-67
 -1688, -1209,-62,  -479,-7.700,65.100,-62
 -1688, -1229,-60,  -459,-7.700,62.000,-60
 -1688, -1247,-62,  -441,-7.700,55.800,-62
 -1688, -1266,-54,  -422,-7.700,58.900,-54
 -1688, -1283,-56,  -405,-7.700,52.700,-56
 -1688, -1300,-52,  -388,-7.700,52.700,-52
 -1688, -1316,-51,  -372,-7.700,49.600,-51
 -1688, -1332,-47,  -356,-7.700,49.600,-47
 -1688, -1347,-46,  -341,-7.700,46.500,-46
 -1688, -1361,-46,  -327,-7.700,43.400,-46
 -1688, -1374,-45,  -314,-7.700,40.300,-45
 -1688, -1387,-42,  -301,-7.700,40.300,-42
 -1688, -1400,-39,  -288,-7.700,40.300,-39
 -1688, -1412,-39,  -276,-7.700,37.200,-39
 -1688, -1424,-36,  -264,-7.700,37.200,-36
 -1688, -1435,-36,  -253,-7.700,34.100,-36
 -1688, -1445,-37,  -243,-7.700,31.000,-37
 -1688, -1455,-34,  -233,-7.700,31.000,-34
 -1688, -1465,-32,  -223,-7.700,31.000,-32
 -1688, -1474,-33,  -214,-7.700,27.900,-33
 -1688, -1483,-31,  -205,-7.700,27.900,-31
 -1688, -1492,-28,  -196,-7.700,27.900,-28
 -1688, -1500,-29,  -188,-7.700,24.800,-29
 -1688, -1508,-27,  -180,-7.700,24.800,-27
 -1688, -1516,-25,  -172,-7.700,24.800,-25
 -1688, -1523,-27,  -165,-7.700,21.700,-27
 -1688, -1530,-25,  -158,-7.700,21.700,-25
 -1688, -1537,-23,  -151,-7.700,21.700,-23
 -1688, -1544,-22,  -144,-7.700,21.700,-22
 -1688, -1550,-23,  -138,-7.700,18.600,-23
 -1688, -1556,-22,  -132,-7.700,18.600,-22
 -1688, -1561,-23,  -127,-7.700,15.500,-23
 -1688, -1567,-19,  -121,-7.700,18.600,-19
 -1688, -1572,-21,  -116,-7.700,15.500,-21
 -1688, -1577,-19,  -111,-7.700,15.500,-19
 -1688, -1582,-18,  -106,-7.700,15.500,-18
 -1688, -1587,-17,  -101,-7.700,15.500,-17
 -1688, -1591,-19,   -97,-7.700,12.400,-19
 -1688, -1596,-15,   -92,-7.700,15.500,-15
 -1688, -1600,-17,   -88,-7.700,12.400,-17
 -1688, -1604,-16,   -84,-7.700,12.400,-16
 -1688, -1607,-18,   -81,-7.700,9.300,-18
 -1688, -1611,-14,   -77,-7.700,12.400,-14
 -1688, -1615,-13,   -73,-7.700,12.400,-13
 -1688, -1618,-15,   -70,-7.700,9.300,-15
 -1688, -1621,-15,   -67,-7.700,9.300,-15
 -1688, -1625,-11,   -63,-7.700,12.400,-11
 -1688, -1628,-13,   -60,-7.700,9.300,-13
 -1688, -1630,-16,   -58,-7.700,6.200,-16
 -1688, -1633,-12,   -55,-7.700,9.300,-12
 -1688, -1636,-11,   -52,-7.700,9.300,-11
 -1688, -1638,-14,   -50,-7.700,6.200,-14
 -1688, -1641,-10,   -47,-7.700,9.300,-10
 -1688, -1643,-12,   -45,-7.700,6.200,-12
 -1688, -1645,-12,   -43,-7.700,6.200,-12
 -1688, -1648, -8,   -40,-7.700,9.300, -8
 -1688, -1650,-11,   -38,-7.700,6.200,-11
 -1688, -1652,-10,   -36,-7.700,6.200,-10
 -1688, -1654,-10,   -34,-7.700,6.200,-10
 -1688, -1655,-12,   -33,-7.700,3.100,-12
 -1688, -1658, -5,   -30,-7.700,9.300, -5
 -1688, -1659,-11,   -29,-7.700,3.100,-11
 -1688, -1661, -8,   -27,-7.700,6.200, -8
 -1688, -1662,-11,   -26,-7.700,3.100,-11
 -1688, -1663,-10,   -25,-7.700,3.100,-10
 -1688, -1665, -7,   -23,-7.700,6.200, -7
 -1688, -1667, -6,   -21,-7.700,6.200, -6
 -1688, -1668, -9,   -20,-7.700,3.100, -9
 -1688, -1669, -9,   -19,-7.700,3.100, -9
 -1688, -1670, -9,   -18,-7.700,3.100, -9
 -1688, -1672, -5,   -16,-7.700,6.200, -5
 -1688, -1673, -8,   -15,-7.700,3.100, -8
 -1688, -1674, -8,   -14,-7.700,3.100, -8
 -1688, -1675, -7,   -13,-7.700,3.100, -7
 -1688, -1675,-10,   -13,-7.700,0.000,-10
 -1688, -1676, -7,   -12,-7.700,3.100, -7
 -1688, -1676,-10,   -12,-7.700,0.000,-10
 -1688, -1676,-10,   -12,-7.700,0.000,-10
 -1688, -1676,-10,   -12,-7.700,0.000,-10
 -1688, -1676,-10,   -12,-7.700,0.000,-10
 -1688, -1677, -7,   -11,-7.700,3.100, -7
 -1688, -1677,-10,   -11,-7.700,0.000,-10
 -1688, -1678, -7,   -10,-7.700,3.100, -7
 -1688, -1679, -6,    -9,-7.700,3.100, -6
 -1688, -1680, -6,    -8,-7.700,3.100, -6
 -1688, -1681, -6,    -7,-7.700,3.100, -6
 -1688, -1682, -6,    -6,-7.700,3.100, -6
 -1688, -1683, -5,    -5,-7.700,3.100, -5
 -1688, -1683, -8,    -5,-7.700,0.000, -8
 -1688, -1683, -8,    -5,-7.700,0.000, -8
 -1688, -1683, -8,    -5,-7.700,0.000, -8
 -1688, -1684, -5,    -4,-7.700,3.100, -5
 -1688, -1684, -8,    -4,-7.700,0.000, -8
 -1688, -1684, -8,    -4,-7.700,0.000, -8
 -1688, -1684, -8,    -4,-7.700,0.000, -8
 -1688, -1684, -8,    -4,-7.700,0.000, -8
 -1688, -1685, -5,    -3,-7.700,3.100, -5
 -1688, -1686, -5,    -2,-7.700,3.100, -5
 -1688, -1686, -8,    -2,-7.700,0.000, -8
 -1688, -1687, -4,    -1,-7.700,3.100, -4
 -1688, -1688, -4,     0,-7.700,3.100, -4
 -1688, -1689, -4,     1,-7.692,3.100, -4
 -1688, -1690, -4,     2,-7.677,3.100, -4
 -1688, -1690, -7,     2,-7.661,0.000, -7
 -1688, -1690, -7,     2,-7.646,0.000, -7
 -1688, -1690, -7,     2,-7.631,0.000, -7
 -1688, -1690, -7,     2,-7.615,0.000, -7
 -1688, -1690, -7,     2,-7.600,0.000, -7
 -1688, -1690, -7,     2,-7.584,0.000, -7
 -1688, -1690, -7,     2,-7.569,0.000, -7
 -1688, -1690, -7,     2,-7.554,0.000, -7
 -1688, -1690, -7,     2,-7.538,0.000, -7
 -1688, -1690, -7,     2,-7.523,0.000, -7
 -1688, -1690, -7,     2,-7.508,0.000, -7
 -1688, -1690, -6,     2,-7.492,0.000, -6
 -1688, -1690, -6,     2,-7.477,0.000, -6
 -1688, -1690, -6,     2,-7.461,0.000, -6
 -1688, -1690, -6,     2,-7.446,0.000, -6
 -1688, -1690, -6,     2,-7.431,0.000, -6
 -1688, -1690, -6,     2,-7.415,0.000, -6
 -1688, -1690, -6,     2,-7.400,0.000, -6
 -1688, -1690, -6,     2,-7.384,0.000, -6
 -1688, -1690, -6,     2,-7.369,0.000, -6
 -1688, -1690, -6,     2,-7.353,0.000, -6
 -1688, -1690, -6,     2,-7.338,0.000, -6
 -1688, -1690, -6,     2,-7.323,0.000, -6
 -1688, -1690, -6,     2,-7.307,0.000, -6
 -1688, -1690, -6,     2,-7.292,0.000, -6
 -1688, -1690, -6,     2,-7.276,0.000, -6
 -1688, -1690, -6,     2,-7.261,0.000, -6
 -1688, -1690, -6,     2,-7.246,0.000, -6
 -1688, -1690, -6,     2,-7.230,0.000, -6
 -1688, -1690, -6,     2,-7.215,0.000, -6
 -1688, -1690, -6,     2,-7.200,0.000, -6
 -1688, -1690, -6,     2,-7.184,0.000, -6
 -1688, -1690, -6,     2,-7.169,0.000, -6
 -1688, -1690, -6,     2,-7.153,0.000, -6
 -1688, -1690, -6,     2,-7.138,0.000, -6
 -1688, -1690, -6,     2,-7.122,0.000, -6
 -1688, -1690, -6,     2,-7.107,0.000, -6
 -1688, -1690, -6,     2,-7.092,0.000, -6
 -1688, -1690, -6,     2,-7.076,0.000, -6
 -1688, -1690, -6,     2,-7.061,0.000, -6
 -1688, -1690, -6,     2,-7.045,0.000, -6
 -1688, -1690, -6,     2,-7.030,0.000, -6
 -1688, -1690, -6,     2,-7.015,0.000, -6
 -1659, -1690, 90,    31,-6.776,89.900, 90
 -1659, -1688, -5,    29,-6.553,-6.200, -5
 -1659, -1683,-15,    24,-6.368,-15.500,-15
 -1659, -1680,-10,    21,-6.206,-9.300,-10
 -1659, -1679, -4,    20,-6.052,-3.100, -4
 -1659, -1680,  2,    21,-5.891,3.100,  2
 -1659, -1680,  0,    21,-5.729,0.000,  0
 -1659, -1681,  3,    22,-5.559,3.100,  3
 -1659, -1681,  0,    22,-5.390,0.000,  0
 -1659, -1681,  0,    22,-5.221,0.000,  0
 -1659, -1681,  0,    22,-5.051,0.000,  0
 -1659, -1681,  0,    22,-4.882,0.000,  0
 -1659, -1681,  0,    22,-4.712,0.000,  0
 -1659, -1681,  0,    22,-4.543,0.000,  0
 -1659, -1681,  1,    22,-4.374,0.000,  1
 -1659, -1681,  1,    22,-4.204,0.000,  1
 -1659, -1681,  1,    22,-4.035,0.000,  1
 -1659, -1681,  1,    22,-3.865,0.000,  1
 -1659, -1681,  1,    22,-3.696,0.000,  1
 -1659, -1681,  1,    22,-3.527,0.000,  1
 -1659, -1681,  2,    22,-3.357,0.000,  2
 -1659, -1681,  2,    22,-3.188,0.000,  2
 -1659, -1681,  2,    22,-3.018,0.000,  2
 -1659, -1681,  2,    22,-2.849,0.000,  2
 -1659, -1681,  2,    22,-2.680,0.000,  2
 -1659, -1681,  2,    22,-2.510,0.000,  2
 -1659, -1681,  3,    22,-2.341,0.000,  3
 -1659, -1681,  3,    22,-2.171,0.000,  3
 -1659, -1681,  3,    22,-2.002,0.000,  3
 -1659, -1681,  3,    22,-1.833,0.000,  3
 -1659, -1681,  3,    22,-1.663,0.000,  3
 -1659, -1681,  4,    22,-1.494,0.000,  4
 -1659, -1681,  4,    22,-1.324,0.000,  4
 -1659, -1681,  4,    22,-1.155,0.000,  4
 -1659, -1681,  4,    22,-0.986,0.000,  4
 -1659, -1681,  4,    22,-0.816,0.000,  4
 -1659, -1681,  4,    22,-0.647,0.000,  4
 -1659, -1681,  5,    22,-0.477,0.000,  5
 -1659, -1681,  5,    22,-0.308,0.000,  5
 -1659, -1681,  5,    22,-0.139,0.000,  5
 -1659, -1681,  5,    22,0.031,0.000,  5
 -1659, -1681,  5,    22,0.200,0.000,  5
 -1659, -1681,  5,    22,0.370,0.000,  5
 -1659, -1681,  6,    22,0.539,0.000,  6
 -1659, -1681,  6,    22,0.708,0.000,  6
 -1659, -1681,  6,    22,0.878,0.000,  6
 -1659, -1681,  6,    22,1.047,0.000,  6
 -1659, -1681,  6,    22,1.217,0.000,  6
 -1659, -1681,  6,    22,1.386,0.000,  6
 -1659, -1681,  7,    22,1.555,0.000,  7
 -1659, -1681,  7,    22,1.725,0.000,  7
 -1659, -1681,  7,    22,1.894,0.000,  7
 -1659, -1681,  7,    22,2.064,0.000,  7
 -1659, -1680,  4,    21,2.225,-3.100,  4
 -1659, -1680,  7,    21,2.387,0.000,  7
 -1659, -1680,  7,    21,2.549,0.000,  7
 -1659, -1680,  7,    21,2.710,0.000,  7
 -1659, -1680,  8,    21,2.872,0.000,  8
 -1659, -1680,  8,    21,3.034,0.000,  8
 -1659, -1680,  8,    21,3.195,0.000,  8
 -1659, -1680,  8,    21,3.357,0.000,  8
 -1659, -1680,  8,    21,3.519,0.000,  8
 -1659, -1680,  8,    21,3.681,0.000,  8
 -1659, -1680,  9,    21,3.842,0.000,  9
 -1659, -1680,  9,    21,4.004,0.000,  9
 -1659, -1680,  9,    21,4.166,0.000,  9
 -1659, -1680,  9,    21,4.327,0.000,  9
 -1659, -1680,  9,    21,4.489,0.000,  9
 -1659, -1680,  9,    21,4.651,0.000,  9
 -1659, -1680, 10,    21,4.813,0.000, 10
 -1659, -1680, 10,    21,4.974,0.000, 10
 -1659, -1680, 10,    21,5.136,0.000, 10
 -1659, -1680, 10,    21,5.298,0.000, 10
 -1659, -1680, 10,    21,5.459,0.000, 10
 -1659, -1680, 10,    21,5.621,0.000, 10
 -1659, -1680, 11,    21,5.783,0.000, 11
 -1659, -1680, 11,    21,5.944,0.000, 11
 -1659, -1680, 11,    21,6.106,0.000, 11
 -1659, -1680, 11,    21,6.268,0.000, 11
 -1659, -1680, 11,    21,6.430,0.000, 11
 -1659, -1680, 11,    21,6.591,0.000, 11
 -1659, -1680, 12,    21,6.753,0.000, 12
 -1659, -1680, 12,    21,6.915,0.000, 12
 -1659, -1679,  8,    20,7.069,-3.100,  8
 -1659, -1679, 12,    20,7.223,0.000, 12
 -1659, -1679, 12,    20,7.377,0.000, 12
 -1659, -1679, 12,    20,7.531,0.000, 12
 -1659, -1678,  9,    19,7.677,-3.100,  9
 -1659, -1678, 12,    19,7.700,0.000, 12
 -1659, -1678, 12,    19,7.700,0.000, 12
 -1659, -1677,  9,    18,7.700,-3.100,  9
 -1659, -1676,  8,    17,7.700,-3.100,  8
 -1659, -1675,  8,    16,7.700,-3.100,  8
 -1659, -1673,  5,    14,7.700,-6.200,  5
 -1659, -1672,  7,    13,7.700,-3.100,  7
 -1659, -1671,  7,    12,7.700,-3.100,  7
 -1659, -1671, 10,    12,7.700,0.000, 10
 -1659, -1671, 10,    12,7.700,0.000, 10
 -1659, -1670,  7,    11,7.700,-3.100,  7
 -1659, -1670, 10,    11,7.700,0.000, 10
 -1659, -1670, 10,    11,7.700,0.000, 10
 -1659, -1669,  7,    10,7.700,-3.100,  7
 -1659, -1668,  6,     9,7.700,-3.100,  6
 -1659, -1667,  6,     8,7.700,-3.100,  6
 -1659, -1666,  6,     7,7.700,-3.100,  6
 -1659, -1665,  6,     6,7.700,-3.100,  6
 -1659, -1664,  5,     5,7.700,-3.100,  5
 -1659, -1663,  5,     4,7.700,-3.100,  5
 -1659, -1663,  8,     4,7.700,0.000,  8
 -1659, -1663,  8,     4,7.700,0.000,  8
 -1659, -1663,  8,     4,7.700,0.000,  8
 -1659, -1663,  8,     4,7.700,0.000,  8
 -1659, -1663,  8,     4,7.700,0.000,  8
 -1659, -1663,  8,     4,7.700,0.000,  8
 -1659, -1663,  8,     4,7.700,0.000,  8
 -1659, -1663,  8,     4,7.700,0.000,  8
 -1659, -1663,  8,     4,7.700,0.000,  8
 -1659, -1663,  8,     4,7.700,0.000,  8
 -1659, -1663,  8,     4,7.700,0.000,  8
 -1659, -1663,  8,     4,7.700,0.000,  8
 -1659, -1663,  8,     4,7.700,0.000,  8
 -1659, -1663,  8,     4,7.700,0.000,  8
 -1659, -1663,  8,     4,7.700,0.000,  8
 -1659, -1663,  8,     4,7.700,0.000,  8
 -1659, -1663,  8,     4,7.700,0.000,  8
 -1659, -1663,  8,     4,7.700,0.000,  8
 -1659, -1663,  8,     4,7.700,0.000,  8
 -1659, -1663,  8,     4,7.700,0.000,  8
 -1659, -1663,  8,     4,7.700,0.000,  8
 -1659, -1663,  8,     4,7.700,0.000,  8
 -1659, -1663,  8,     4,7.700,0.000,  8
 -1659, -1663,  8,     4,7.700,0.000,  8
 -1659, -1663,  8,     4,7.700,0.000,  8
 -1659, -1663,  8,     4,7.700,0.000,  8
 -1659, -1663,  8,     4,7.700,0.000,  8
 -1659, -1663,  8,     4,7.700,0.000,  8
 -1659, -1663,  8,     4,7.700,0.000,  8
 -1659, -1663,  8,     4,7.700,0.000,  8
 -1659, -1663,  8,     4,7.700,0.000,  8
 -1659, -1663,  8,     4,7.700,0.000,  8
 -1659, -1663,  8,     4,7.700,0.000,  8
 -1659, -1663,  8,     4,7.700,0.000,  8
 -1659, -1663,  8,     4,7.700,0.000,  8
 -1659, -1663,  8,     4,7.700,0.000,  8
 -1659, -1663,  8,     4,7.700,0.000,  8
 -1659, -1663,  8,     4,7.700,0.000,  8
 -1659, -1663,  8,     4,7.700,0.000,  8
 -1659, -1663,  8,     4,7.700,0.000,  8
 -1659, -1663,  8,     4,7.700,0.000,  8
 -1659, -1663,  8,     4,7.700,0.000,  8
 -1659, -1663,  8,     4,7.700,0.000,  8
 -1659, -1663,  8,     4,7.700,0.000,  8
 -1659, -1663,  8,     4,7.700,0.000,  8
 -1659, -1663,  8,     4,7.700,0.000,  8
 -1659, -1663,  8,     4,7.700,0.000,  8
 -1659, -1663,  8,     4,7.700,0.000,  8
 -1659, -1663,  8,     4,7.700,0.000,  8
 -1659, -1663,  8,     4,7.700,0.000,  8
 -1659, -1663,  8,     4,7.700,0.000,  8
 -1659, -1663,  8,     4,7.700,0.000,  8
 -1659, -1663,  8,     4,7.700,0.000,  8
 -1659, -1663,  8,     4,7.700,0.000,  8
 -1659, -1663,  8,     4,7.700,0.000,  8
 -1659, -1663,  8,     4,7.700,0.000,  8
 -1659, -1663,  8,     4,7.700,0.000,  8
 -1659, -1663,  8,     4,7.700,0.000,  8
 -1659, -1663,  8,     4,7.700,0.000,  8
 -1659, -1663,  8,     4,7.700,0.000,  8
